{
 "cells": [
  {
   "cell_type": "code",
   "execution_count": 1,
   "metadata": {},
   "outputs": [
    {
     "name": "stdout",
     "output_type": "stream",
     "text": [
      "[[1. 2. 3.]\n",
      " [4. 5. 6.]]\n"
     ]
    }
   ],
   "source": [
    "import numpy as np\n",
    "x = np.array([[1., 2., 3.],[4., 5., 6.]])\n",
    "y = np.array([[6., 23.],[-1., 7],[8., 9.]])\n",
    "print(x)"
   ]
  },
  {
   "cell_type": "code",
   "execution_count": 2,
   "metadata": {},
   "outputs": [
    {
     "name": "stdout",
     "output_type": "stream",
     "text": [
      "[[ 6. 23.]\n",
      " [-1.  7.]\n",
      " [ 8.  9.]]\n"
     ]
    }
   ],
   "source": [
    "print(y)"
   ]
  },
  {
   "cell_type": "code",
   "execution_count": 3,
   "metadata": {},
   "outputs": [
    {
     "data": {
      "text/plain": [
       "array([[ 28.,  64.],\n",
       "       [ 67., 181.]])"
      ]
     },
     "execution_count": 3,
     "metadata": {},
     "output_type": "execute_result"
    }
   ],
   "source": [
    "x.dot(y)"
   ]
  },
  {
   "cell_type": "code",
   "execution_count": 4,
   "metadata": {},
   "outputs": [
    {
     "data": {
      "text/plain": [
       "array([[ 28.,  64.],\n",
       "       [ 67., 181.]])"
      ]
     },
     "execution_count": 4,
     "metadata": {},
     "output_type": "execute_result"
    }
   ],
   "source": [
    "np.dot(x,y)"
   ]
  },
  {
   "cell_type": "code",
   "execution_count": 5,
   "metadata": {},
   "outputs": [
    {
     "data": {
      "text/plain": [
       "array([ 6., 15.])"
      ]
     },
     "execution_count": 5,
     "metadata": {},
     "output_type": "execute_result"
    }
   ],
   "source": [
    "np.dot(x, np.ones(3))"
   ]
  },
  {
   "cell_type": "code",
   "execution_count": 6,
   "metadata": {},
   "outputs": [
    {
     "data": {
      "text/plain": [
       "array([ 6., 15.])"
      ]
     },
     "execution_count": 6,
     "metadata": {},
     "output_type": "execute_result"
    }
   ],
   "source": [
    "# @ also work for matrix multiplication\n",
    "x @ np.ones(3)"
   ]
  },
  {
   "cell_type": "code",
   "execution_count": 7,
   "metadata": {},
   "outputs": [],
   "source": [
    "'''\n",
    "numpy.linalg   has  a  standard  set  of  matrix  decompositions  and  things  like  inverse\n",
    "and  determinant. \n",
    "'''\n",
    "from numpy.linalg import inv, qr"
   ]
  },
  {
   "cell_type": "code",
   "execution_count": 8,
   "metadata": {},
   "outputs": [],
   "source": [
    "x = np.random.randn(5,5)\n",
    "mat = x.T.dot(x)"
   ]
  },
  {
   "cell_type": "code",
   "execution_count": 9,
   "metadata": {},
   "outputs": [
    {
     "data": {
      "text/plain": [
       "array([[ 1.26797137, -0.06497884, -0.63632911,  0.32473442, -0.17017077],\n",
       "       [-0.06497884,  0.11273293, -0.00258972,  0.02078107, -0.04256648],\n",
       "       [-0.63632911, -0.00258972,  0.65038813, -0.26181608,  0.14484052],\n",
       "       [ 0.32473442,  0.02078107, -0.26181608,  0.35798265, -0.10427068],\n",
       "       [-0.17017077, -0.04256648,  0.14484052, -0.10427068,  0.14012039]])"
      ]
     },
     "execution_count": 9,
     "metadata": {},
     "output_type": "execute_result"
    }
   ],
   "source": [
    "inv(mat)"
   ]
  },
  {
   "cell_type": "markdown",
   "metadata": {},
   "source": [
    "mat.dot(inv(mat))"
   ]
  },
  {
   "cell_type": "code",
   "execution_count": 11,
   "metadata": {},
   "outputs": [],
   "source": [
    "q,r = qr(mat)"
   ]
  },
  {
   "cell_type": "code",
   "execution_count": 12,
   "metadata": {},
   "outputs": [
    {
     "data": {
      "text/plain": [
       "array([[-0.62459234,  0.40727085,  0.28721015, -0.09732418, -0.59334071],\n",
       "       [-0.51230913, -0.77617065, -0.24044069,  0.23507193, -0.14841813],\n",
       "       [-0.48421256,  0.41026787, -0.58460407,  0.02026191,  0.5050208 ],\n",
       "       [ 0.155379  , -0.09252319, -0.53341734, -0.74201326, -0.36356442],\n",
       "       [-0.29802573, -0.23411388,  0.4831176 , -0.61989916,  0.48856296]])"
      ]
     },
     "execution_count": 12,
     "metadata": {},
     "output_type": "execute_result"
    }
   ],
   "source": [
    "q"
   ]
  },
  {
   "cell_type": "code",
   "execution_count": 13,
   "metadata": {},
   "outputs": [
    {
     "data": {
      "text/plain": [
       "array([[-2.86217024, -8.44256655, -2.21096922,  0.24273991, -5.70156273],\n",
       "       [ 0.        , -9.34721064,  2.01145157, -0.20951366, -6.74546762],\n",
       "       [ 0.        ,  0.        , -2.83507129, -2.17768227,  4.75792557],\n",
       "       [ 0.        ,  0.        ,  0.        , -4.29157051, -7.61762148],\n",
       "       [ 0.        ,  0.        ,  0.        ,  0.        ,  3.486737  ]])"
      ]
     },
     "execution_count": 13,
     "metadata": {},
     "output_type": "execute_result"
    }
   ],
   "source": [
    "r"
   ]
  },
  {
   "cell_type": "markdown",
   "metadata": {},
   "source": [
    "![](./figs/4-7.jpg)"
   ]
  },
  {
   "cell_type": "code",
   "execution_count": null,
   "metadata": {},
   "outputs": [],
   "source": []
  }
 ],
 "metadata": {
  "kernelspec": {
   "display_name": "Python 3",
   "language": "python",
   "name": "python3"
  },
  "language_info": {
   "codemirror_mode": {
    "name": "ipython",
    "version": 3
   },
   "file_extension": ".py",
   "mimetype": "text/x-python",
   "name": "python",
   "nbconvert_exporter": "python",
   "pygments_lexer": "ipython3",
   "version": "3.7.3"
  }
 },
 "nbformat": 4,
 "nbformat_minor": 2
}
